221 289 1
110 73 0
73 260 1
337 411 1
411 405 1
136 285 1
610 344 1
179 316 1
102 37 0
127 225 1
607 423 1
633 371 1
484 258 1
420 381 1
38 377 1
328 338 1
94 111 0
14 462 1
4 44 0
74 255 1
450 34 0
536 36 0
40 401 1
554 181 0
33 200 1
480 387 1
550 236 1
537 0 0
177 318 1
202 98 0
117 120 0
461 36 0
460 440 1
635 302 1
497 65 0
380 407 1
623 446 1
94 328 1
473 72 0
485 322 1
188 234 1
162 323 1
82 418 1
199 133 0
248 107 0
186 39 0
610 346 1
104 80 0
270 165 0
220 81 0
374 298 1
16 170 0
394 207 1
3 176 0
221 358 1
11 46 0
415 372 1
237 265 1
587 177 0
427 105 0
33 466 1
541 20 0
215 294 1
67 93 0
12 158 0
346 381 1
637 17 0
45 97 0
635 382 1
430 37 0
541 275 1
69 254 1
178 77 0
616 446 1
249 193 0
108 372 1
277 379 1
155 178 1
571 165 0
6 467 1
46 43 0
541 124 0
365 92 0
636 66 0
298 307 1
392 365 1
255 278 1
443 348 1
605 479 1
316 361 1
453 58 0
563 110 0
570 366 1
219 296 1
630 319 1
217 314 1
604 243 1
460 469 1
174 436 1
37 247 1
512 470 1
569 274 1
492 121 0
276 15 0
264 464 1
272 338 1
533 259 1
551 352 1
377 307 1
262 382 1
496 156 0
98 379 1
126 447 1
143 305 1
552 385 1
207 8 0
483 14 0
616 412 1
461 194 0
633 64 0
539 361 1
269 450 1
338 421 1
113 273 1
315 145 0
579 317 1
528 68 0
332 477 1
508 151 0
528 279 1
579 266 1
34 348 1
444 420 1
61 241 1
392 154 0
401 277 1
638 306 1
219 160 0
101 233 1
440 265 1
102 273 1
187 75 0
192 94 0
317 105 0
62 387 1
244 111 0
231 281 1
72 379 1
372 32 0
609 155 0
519 73 0
5 377 1
409 403 1
33 116 0
308 84 0
37 81 0
355 91 0
533 114 0
360 180 0
349 390 1
300 331 1
486 322 1
508 308 1
358 333 1
241 10 0
380 66 0
432 375 1
124 113 0
84 116 0
264 7 0
425 401 1
96 336 1
27 23 0
378 282 1
622 172 0
86 444 1
559 87 0
140 214 1
234 356 1
167 155 0
413 42 0
309 108 0
621 75 0
159 135 0
152 444 1
567 448 1
427 70 0
528 398 1
501 461 1
530 42 0
187 47 0
77 179 0
429 206 1
398 309 1
281 465 1
560 299 1
479 264 1
309 291 1
37 367 1
406 66 0
459 149 0
86 391 1
545 29 0
93 148 0
88 420 1
516 426 1
183 292 1
493 244 1
399 473 1
277 7 0
113 323 1
300 200 1
30 395 1
292 238 1
63 169 0
392 42 0
599 261 1
527 197 1
373 28 0
113 233 1
174 453 1
633 386 1
458 85 0
219 38 0
446 256 1
329 147 0
91 353 1
321 407 1
68 476 1
297 310 1
37 2 0
413 40 0
418 437 1
136 97 0
526 460 1
241 405 1
478 344 1
408 91 0
93 296 1
450 433 1
33 331 1
465 129 0
189 405 1
151 450 1
312 163 0
108 226 1
190 386 1
126 163 0
406 300 1
361 323 1
596 277 1
392 96 0
208 197 0
522 412 1
470 263 1
200 446 1
159 129 0
341 281 1
384 101 0
471 400 1
226 8 0
150 186 1
626 432 1
595 355 1
154 148 0
219 243 1
303 126 0
348 339 1
364 308 1
502 269 1
543 184 1
405 84 0
418 108 0
127 100 0
525 58 0
169 458 1
170 179 0
207 391 1
169 342 1
323 113 0
277 339 1
390 58 0
135 208 1
405 309 1
26 109 0
389 279 1
158 163 0
82 379 1
273 306 1
373 137 0
331 411 1
564 311 1
504 75 0
190 47 0
587 218 0
503 307 1
625 274 1
529 319 1
452 20 0
476 303 1
450 407 1
479 65 0
61 50 0
295 251 1
83 28 0
351 336 1
161 242 1
161 159 0
308 249 1
12 284 1
64 69 0
407 308 1
149 345 1
420 11 0
334 272 1
601 424 1
588 187 0
555 339 1
99 363 1
315 93 0
82 210 0
486 33 0
121 453 1
407 138 0
326 133 0
480 182 0
113 383 1
74 345 1
105 336 1
233 133 0
270 12 0
307 232 1
288 417 1
146 342 1
375 152 0
311 8 0
245 60 0
178 101 0
314 286 1
447 417 1
534 343 1
227 4 0
580 367 1
184 12 0
341 94 0
389 373 1
618 466 1
530 279 1
38 369 1
443 273 1
99 191 0
578 133 0
36 417 1
234 228 1
203 323 1
65 267 1
525 215 1
61 238 1
162 447 1
138 244 1
577 269 1
547 259 1
459 8 0
288 478 1
199 82 0
590 204 0
14 73 0
261 411 1
583 426 1
438 420 1
150 316 1
452 209 0
401 396 1
277 284 1
372 85 0
232 474 1
21 387 1
617 56 0
538 24 0
514 388 1
617 174 0
501 303 1
96 477 1
168 370 1
455 127 0
63 207 0
130 275 1
624 89 0
267 384 1
275 151 0
544 346 1
633 68 0
57 297 1
255 251 1
189 360 1
483 17 0
501 11 0
214 387 1
321 197 0
338 178 0
522 8 0
173 76 0
375 366 1
239 397 1
228 25 0
481 38 0
16 150 0
358 124 0
149 39 0
398 468 1
30 32 0
489 238 1
212 18 0
153 367 1
25 71 0
299 36 0
249 397 1
168 4 0
477 279 1
230 117 0
2 416 1
36 401 1
426 337 1
470 458 1
146 228 1
574 332 1
163 138 0
444 418 1
364 427 1
615 380 1
208 364 1
220 111 0
124 246 1
87 445 1
541 212 1
384 87 0
79 476 1
7 353 1
216 466 1
626 341 1
406 458 1
566 170 0
54 205 1
517 85 0
167 381 1
488 81 0
462 156 0
397 219 1
380 298 1
482 289 1
29 366 1
611 349 1
178 23 0
47 93 0
257 227 1
226 165 0
266 63 0
159 54 0
190 400 1
492 400 1
492 274 1
451 182 0
380 351 1
101 369 1
95 370 1
370 440 1
198 12 0
55 14 0
402 407 1
327 141 0
268 170 0
205 258 1
471 108 0
544 56 0
35 188 1
536 26 0
162 240 1
161 83 0
64 60 0
141 376 1
15 406 1
559 361 1
128 248 1
37 83 0
345 421 1
629 57 0
611 144 0
604 277 1
355 441 1
226 121 0
332 121 0
50 91 0
307 128 0
41 241 1
131 349 1
429 216 1
114 382 1
64 348 1
308 248 1
340 371 1
110 233 1
481 10 0
237 380 1
310 293 1
280 142 0
525 161 0
547 175 0
609 92 0
6 202 1
388 375 1
430 8 0
236 154 0
498 273 1
205 441 1
200 437 1
622 278 1
569 235 1
565 7 0
146 152 0
515 410 1
93 50 0
200 86 0
399 101 0
462 387 1
387 118 0
345 205 0
295 262 1
114 389 1
118 473 1
512 297 1
166 23 0
152 325 1
34 51 0
278 185 1
58 458 1
621 316 1
537 111 0
571 162 0
632 165 0
33 347 1
402 75 0
465 28 0
472 287 1
104 97 0
357 124 0
383 51 0
180 294 1
636 134 0
401 456 1
46 423 1
205 252 1
538 212 1
182 363 1
527 44 0
70 277 1
257 329 1
155 467 1
20 267 1
167 282 1
118 279 1
553 35 0
626 319 1
220 394 1
194 68 0
366 19 0
549 217 1
307 84 0
178 10 0
27 79 0
236 92 0
226 126 0
278 119 0
262 340 1
201 2 0
638 417 1
579 206 0
297 118 0
258 373 1
133 202 1
18 100 0
417 412 1
291 151 0
341 27 0
606 4 0
304 418 1
633 283 1
50 135 0
9 76 0
187 247 1
536 330 1
68 186 0
120 142 0
461 349 1
86 62 0
406 463 1
146 336 1
274 11 0
463 426 1
409 312 1
326 204 0
221 206 0
95 240 1
159 410 1
514 208 1
291 99 0
426 201 1
225 302 1
572 63 0
253 95 0
24 98 0
633 257 1
493 111 0
170 264 1
593 281 1
232 437 1
529 169 0
10 25 0
325 292 1
18 446 1
40 236 1
548 130 0
551 106 0
445 293 1
568 330 1
289 101 0
237 295 1
533 232 1
329 361 1
463 187 0
82 12 0
427 440 1
103 356 1
159 76 0
468 29 0
625 250 1
420 39 0
295 186 1
55 274 1
320 71 0
148 406 1
417 344 1
127 23 0
82 108 0
207 263 1
362 427 1
122 396 1
456 106 0
626 419 1
260 15 0
436 357 1
421 215 1
413 394 1
21 405 1
384 331 1
210 27 0
247 268 1
613 61 0
246 409 1
536 468 1
550 144 0
612 161 0
624 384 1
169 339 1
471 80 0
290 202 1
140 4 0
407 29 0
316 187 0
212 57 0
557 252 1
219 234 1
137 82 0
342 479 1
378 310 1
79 457 1
374 236 1
547 197 1
477 368 1
52 475 1
449 179 0
351 325 1
132 448 1
46 339 1
169 292 1
462 302 1
484 238 1
579 413 1
243 51 0
602 133 0
561 340 1
223 83 0
233 4 0
273 223 1
360 5 0
339 265 1
86 403 1
420 295 1
454 35 0
81 35 0
395 300 1
361 318 1
461 359 1
498 185 0
605 180 0
346 54 0
326 62 0
177 474 1
165 255 1
533 374 1
442 262 1
365 166 0
62 248 1
218 218 0
119 116 0
490 307 1
11 348 1
527 336 1
402 81 0
592 393 1
622 191 0
575 251 1
479 441 1
171 102 0
594 69 0
534 243 1
378 411 1
361 315 1
34 106 0
615 388 1
322 92 0
608 300 1
80 123 0
39 427 1
344 404 1
582 340 1
463 411 1
111 476 1
421 271 1
310 127 0
409 127 0
638 479 1
337 77 0
177 142 0
298 402 1
309 110 0
205 322 1
155 278 1
131 209 1
281 120 0
202 55 0
186 289 1
168 176 0
340 65 0
575 391 1
187 396 1
546 180 0
180 256 1
231 67 0
172 167 0
381 311 1
426 191 1
448 174 0
3 281 1
587 391 1
205 255 1
141 258 1
149 185 1
544 295 1
597 114 0
469 425 1
160 406 1
148 300 1
288 478 1
227 229 1
322 464 1
324 1 0
560 225 1
452 361 1
512 476 1
209 36 0
554 40 0
76 61 0
576 228 1
607 422 1
601 246 1
529 446 1
79 293 1
151 335 1
170 3 0
237 155 0
347 271 1
294 56 0
430 218 1
385 345 1
506 105 0
572 112 0
410 218 1
301 433 1
417 394 1
270 376 1
74 22 0
25 173 1
558 193 0
85 102 0
186 21 0
175 366 1
479 174 0
332 389 1
139 19 0
158 457 1
601 102 0
181 83 0
389 62 0
600 292 1
162 179 1
213 34 0
271 186 1
533 158 0
551 145 0
115 376 1
568 382 1
78 453 1
310 51 0
349 112 0
49 52 0
195 382 1
133 92 0
228 278 1
209 93 0
246 449 1
170 454 1
475 174 0
272 234 1
174 90 0
160 223 1
28 110 0
396 260 1
501 73 0
585 294 1
386 191 1
391 325 1
538 418 1
230 211 0
496 32 0
103 92 0
559 397 1
160 396 1
73 35 0
437 206 1
139 7 0
3 145 0
118 430 1
30 400 1
202 96 0
510 209 1
355 92 0
629 205 1
584 348 1
484 242 1
2 378 1
303 38 0
554 338 1
366 173 0
582 234 1
102 237 1
598 432 1
439 240 1
169 259 1
342 9 0
629 52 0
318 347 1
551 398 1
355 342 1
248 84 0
488 355 1
449 10 0
145 226 1
144 215 1
507 465 1
251 138 0
395 304 1
180 58 0
292 388 1
606 210 0
413 345 1
159 429 1
626 299 1
375 62 0
185 38 0
464 243 1
600 268 1
214 186 0
246 183 0
392 453 1
431 32 0
143 331 1
396 448 1
335 207 0
306 372 1
189 37 0
217 422 1
112 17 0
256 394 1
122 370 1
95 198 0
632 352 1
158 54 0
360 306 1
68 366 1
59 131 0
242 417 1
43 21 0
593 66 0
207 406 1
201 458 1
621 451 1
372 441 1
271 234 1
466 160 0
89 244 1
318 286 1
537 387 1
416 425 1
32 280 1
229 335 1
465 121 0
428 62 0
503 273 1
322 97 0
476 152 0
593 108 0
151 84 0
596 186 0
421 448 1
206 84 0
59 236 1
60 53 0
219 101 0
584 172 0
422 438 1
191 2 0
241 207 1
581 317 1
154 262 1
72 100 0
412 28 0
434 227 1
98 257 1
483 17 0
217 249 1
606 432 1
329 448 1
194 309 1
357 301 1
509 169 0
161 436 1
572 271 1
451 46 0
549 263 1
61 188 0
73 434 1
186 234 1
468 311 1
631 273 1
391 229 1
340 319 1
617 186 0
171 443 1
185 260 1
480 227 1
294 454 1
569 344 1
195 477 1
368 221 1
437 196 0
391 412 1
46 468 1
348 362 1
32 112 0
637 236 1
426 128 0
445 217 1
343 251 1
8 66 0
519 139 0
627 176 0
301 364 1
23 268 1
443 150 0
416 261 1
219 315 1
545 269 1
96 242 1
171 229 1
636 117 0
285 282 1
435 424 1
61 112 0
15 475 1
8 415 1
